#Me4PACz
45

 C                    -0.36095  -0.01199   1.11329 
 C                     1.47658  -2.48474   0.5259 
 C                     2.45438  -3.41553   0.19861 
 C                     3.7409   -3.03843  -0.23708 
 C                     4.04211  -1.68343  -0.34342 
 C                     4.02432   1.69961  -0.3498 
 C                     3.70889   3.05181  -0.24869 
 C                     2.41845   3.41706   0.18537 
 C                     1.45048   2.47721   0.51615 
 N                     1.02624  -0.00567   0.68869 
 C                     1.7982   -1.13001   0.41693 
 C                     3.08106  -0.71957  -0.02174 
 C                     3.07349   0.72692  -0.02452 
 C                     1.78631   1.12554   0.41255 
 C                     4.71918   4.12031  -0.59547 
 C                     4.76234  -4.09764  -0.57964 
 C                    -1.3615   -0.01394  -0.05138 
 C                    -2.81377  -0.02413   0.43477 
 C                    -3.8158   -0.02252  -0.72776 
 P                    -5.538    -0.09935  -0.18874 
 O                    -5.71721   1.36821   0.47447 
 O                    -6.36688  -0.01833  -1.58501 
 O                    -5.96688  -1.22834   0.67193 
 H                    -0.51872  -0.88762   1.74954 
 H                    -0.52562   0.86014   1.7528 
 H                     0.49625  -2.81487   0.85292 
 H                     2.21687  -4.4728    0.27977 
 H                     5.02869  -1.37512  -0.67848 
 H                     5.01412   1.40044  -0.68363 
 H                     2.16978   4.47211   0.26213 
 H                     0.46646   2.7981    0.84137 
 H                     4.93001   4.76963   0.26066 
 H                     5.6675    3.68402  -0.91677 
 H                     4.3632    4.76501  -1.40581 
 H                     4.41305  -4.74934  -1.38728 
 H                     5.706    -3.65271  -0.90283 
 H                     4.97998  -4.74121   0.2791 
 H                    -1.18074   0.86589  -0.67853 
 H                    -1.17023  -0.88796  -0.68358 
 H                    -2.99213  -0.90516   1.06049 
 H                    -3.00003   0.84869   1.06915 
 H                    -3.70448   0.87004  -1.35047 
 H                    -3.66086  -0.88759  -1.37985 
 H                    -6.4627    1.4351    1.08364 
 H                    -7.05032  -0.69637  -1.64945 

Dipole moment (field-independent basis, Debye):
    X=             -1.2388    Y=              0.9795    Z=             -0.6515  Tot=              1.7084